function gforce_test()
grit_p=[0,0,0,0,0,0,0,0,0,0,0,0,0,0,0,0,0,0,0,0,0;0,0,0,0,0,0,0,0,0.324925153289603,1.21866100371835,1.37218781035307,0.781365575614937,0.190543340876809,0,0,0,0,0,0,0,0;0,0,0,0,0,0.155024571956706,1.04876042238546,1.94249627281421,2.83623212324296,3.72996797367171,4.58812214776149,3.99729991302337,3.40647767828524,2.81565544354711,2.22483320880898,0,0,0,0,0,0;0,0,0,0,0.382007640809962,2.14280068442883,3.56006739233881,4.45380324276756,5.34753909319631,6.24127494362506,7.13501079405381,7.21323425043179,6.62241201569366,6.03158978095554,5.44076754621741,2.88114580048089,0.214038845129926,0,0,0,0;0,0,0,0.120303889675784,1.88109693329465,3.64188997691352,5.40268302053238,6.96511021272091,7.85884606314966,8.75258191357841,9.64631776400716,10.4291685878402,9.83834635310209,9.24752411836396,8.65670188362584,6.01386337582002,3.34675642046905,0.679649465118086,0,0,0;0,0,0,1.61939318216047,3.38018622577934,5.14097926939820,6.90177231301707,8.66256535663594,10.3701530331030,11.2638888835318,12.1576247339605,13.0513605843893,13.0542806905105,12.4634584557724,11.8136879065101,9.14658095115914,6.47947399580818,3.81236704045721,0.285592962177606,0,0;0,0,1.35768943102629,3.11848247464516,4.87927551826403,6.64006856188289,8.40086160550176,10.1616546491206,11.9224476927395,13.6832407363584,14.6689317039139,15.5626675543426,16.2702150279189,15.6793927931808,14.9464054818492,12.2792985264983,9.61219157114730,6.55850991424696,1.93207174748624,0,0;0,0,1.86256259902047,3.98991061366841,6.11725862831636,8.13915785436758,9.89995089798645,11.6607439416053,13.4215369852242,15.1823300288430,16.9431230724619,18.0739745242960,18.9677103747247,18.8953271305892,18.0791230571884,15.4120161018374,12.7449091464864,8.20498869955559,3.57855053279488,0,0;0,0.126044861427521,2.25339287607547,4.38074089072341,6.50808890537136,8.63543692001930,10.7627849346672,12.8901329493152,14.9206262777089,16.6814193213277,18.4422123649466,19.1971602195799,19.1971602195799,19.1971602195799,19.1971602195799,18.5447336771765,14.4779056516249,9.85146748486423,5.22502931810351,0.598591151342795,0;0,0.516875138482520,2.64422315313046,4.77157116777841,6.89891918242635,9.02626719707430,11.1536152117222,13.2809632263702,15.4083112410181,17.5356592556661,19.1971602195799,19.1971602195799,19.1971602195799,19.1971602195799,19.1971602195799,19.1971602195799,16.1243844369336,11.4979462701729,6.87150810341215,2.24506993665143,0;0,0.907705415537519,3.03505343018546,5.16240144483341,7.28974945948135,9.41709747412930,11.5444454887772,13.6717935034252,15.7991415180731,17.9264895327211,19.1971602195799,19.1971602195799,19.1971602195799,19.1971602195799,19.1971602195799,19.1971602195799,17.0094154054565,12.0456033712780,7.08179133709942,2.11797930292088,0;0,1.00075516516456,3.06302138507835,5.12528760499215,7.18755382490594,9.24982004481973,11.3120862647335,13.3743524846473,15.4366187045611,17.4988849244749,19.1971602195799,19.1971602195799,19.1971602195799,19.1971602195799,19.1971602195799,19.1971602195799,16.0974780923282,11.1336660581496,6.16985402397109,1.20604198979255,0;0,0.266826069312385,2.32909228922618,4.39135850913997,6.45362472905376,8.51589094896755,10.5781571688813,12.6404233887951,14.7026896087089,16.7649558286227,18.5633352262838,19.1971602195799,19.1971602195799,19.1971602195799,19.1971602195799,18.2769265907129,14.9379496264036,10.2217287450213,5.25791671084276,0.294104676664224,0;0,0,1.59516319337400,3.65742941328779,5.71969563320159,7.78196185311538,9.84422807302917,11.9064942929430,13.6331857910467,15.1861965684835,16.7392073459202,18.2922181233570,18.8424404456104,19.0636781059241,17.8885725129881,15.4342162374497,12.0952392731404,8.75626230883104,4.34597939771443,0,0;0,0,0.861234097521825,2.92350031743562,4.98576653734941,7.04803275726320,8.70303635580956,10.2560471332463,11.8090579106831,13.3620686881199,14.9150794655567,15.5595833303518,16.0690944956716,15.7617507360467,14.5866451431107,12.5915058841865,9.25252891987719,5.91355195556784,2.57457499125849,0,0;0,0,0.127305001669649,2.18957122158344,3.77288692057244,5.32589769800922,6.87890847544600,8.43191925288278,9.98493003031956,11.5379408077563,12.2767262150933,12.7862373804131,13.2957485457328,12.4598233661693,11.2847177732333,9.74879553092334,6.40981856661399,3.07084160230464,0,0,0;0,0,0,0.395748262772099,1.94875904020888,3.50176981764566,5.05478059508243,6.60779137251921,8.16080214995599,8.99386909983479,9.50338026515454,10.0128914304743,10.3330015892279,9.15789599629193,7.98279040335593,6.80768481041993,3.56710821335079,0.228131249041442,0,0,0;0,0,0,0,0.124631159845312,1.67764193728209,3.23065271471887,4.78366349215565,5.71101198457627,6.22052314989602,6.73003431521577,7.23954548053552,7.03107421935052,5.85596862641452,4.68086303347852,3.50575744054252,0.724397860087593,0,0,0,0;0,0,0,0,0,0,1.40652483435530,2.42815486931775,2.93766603463750,3.44717719995725,3.95668836527700,4.46619953059675,3.72914684947312,2.55404125653711,1.37893566360111,0.203830070665112,0,0,0,0,0;0,0,0,0,0,0,0,0,0.164320084698724,0.673831250018475,1.18334241533823,1.60232507253171,0.427219479595708,0,0,0,0,0,0,0,0;0,0,0,0,0,0,0,0,0,0,0,0,0,0,0,0,0,0,0,0,0];
